14.285214185714722
4.689927339553833
10.339709281921387
196.8039219379425
1.9311163425445557
6.541908264160156
20.203258275985718
16.185667514801025
2.13280987739563
15.135660648345947
430.0202169418335
36.33186149597168
15.017018556594849
16.58773159980774
16.104640007019043
2.148336887359619
17.740857124328613
15.861844778060913
7.367170810699463
21.69602942466736
18.700144052505493
23.135155200958252
17.720019340515137
15.585186004638672
7.711995601654053
7.813740491867065
166.92430305480957
5.612823009490967
17.83012819290161
21.14869737625122
16.326435565948486
13.929630994796753
15.527395248413086
11.510705471038818
16.606890439987183
16.788152933120728
6.476882696151733
20.7383873462677
11.104166984558105
15.134891271591187
11.003586292266846
7.359160661697388
19.590446949005127
9.298945903778076
10.410322427749634
9.69184422492981
16.700485467910767
3.9593148231506348
3.1909639835357666
16.489389657974243
18.987060546875
510.734044
20.549344778060913
16.2045419216156
10.886557340621948
16.226403951644897
12.555524587631226
22.476348876953125
13.498629808425903
21.554173469543457
13.53295612335205
1.9342718124389648
3.360156774520874
2.077582597732544
17.16928720474243
18.385090827941895
3.927475690841675
16.776596784591675
13.280253887176514
-
444.1878628730774
89.625769
15.58212924003601
6.477200984954834
11.899721384048462
18.832749366760254
6.193044900894165
19.581080436706543
1.9352819919586182
7.681528568267822
18.137967824935913
18.56211543083191
368.829748
18.34918475151062
-
12.313252925872803
14.285132646560669
3.361607789993286
13.136032581329346
14.455124378204346
13.466508150100708
54.36421728134155
3.4387855529785156
13.667208194732666
9.654552221298218
10.592432737350464
1.9630513191223145
15.096004962921143
515.323842048645
14.23023772239685
6330.538462162018
